==================
test 1:
student:
1;2;3;6;4;5;
grader:
1;2;3;4;5;6;
==================
test 2:
student:
2;4;6;8;8;9;24;129;9;10;11;13;14;16;54;128;80;41;16;17;17;17;18;19;37;20;22;22;120;22;27;63;68;111;34;80;50;130;23;24;123;44;105;36;96;129;25;28;31;102;32;54;59;34;37;95;119;100;43;49;52;65;75;102;104;79;109;86;134;149;92;145;108;66;114;141;79;126;104;86;100;98;88;96;106;147;117;93;123;139;145;24;83;103;117;36;88;39;145;52;148;72;129;138;39;128;148;145;55;60;132;96;76;136;99;143;50;69;63;61;46;145;59;146;53;114;131;107;58;143;116;83;68;95;130;68;113;80;102;141;82;91;113;110;141;141;131;50;107;8;
grader:
2;4;6;8;8;8;9;9;10;11;13;14;16;16;17;17;17;18;19;20;22;22;22;23;24;24;24;25;27;28;31;32;34;34;36;36;37;37;39;39;41;43;44;46;49;50;50;50;52;52;53;54;54;55;58;59;59;60;61;63;63;65;66;68;68;68;69;72;75;76;79;79;80;80;80;82;83;83;86;86;88;88;91;92;93;95;95;96;96;96;98;99;100;100;102;102;102;103;104;104;105;106;107;107;108;109;110;111;113;113;114;114;116;117;117;119;120;123;123;126;128;128;129;129;129;130;130;131;131;132;134;136;138;139;141;141;141;141;143;143;145;145;145;145;145;146;147;148;148;149;
==================
test 3:
student:
2;2;5;7;7;9;9;10;11;12;13;13;14;14;15;17;17;18;21;21;22;22;24;24;24;25;26;26;27;27;29;29;29;30;32;32;182;34;36;168;36;39;39;41;86;146;110;137;170;41;150;180;41;43;91;125;197;131;79;43;45;45;48;52;54;64;66;68;134;99;70;178;113;104;128;79;137;95;116;180;130;124;59;102;118;73;83;99;106;189;124;106;153;196;194;104;110;131;50;53;98;72;55;58;61;196;67;105;69;72;73;146;176;80;99;143;200;169;83;90;117;167;92;95;96;131;143;163;198;145;166;100;102;168;113;159;178;109;138;191;139;154;134;93;191;95;96;136;99;173;102;106;120;107;124;127;161;138;145;158;195;158;171;161;166;73;86;167;135;97;195;164;139;114;191;151;160;148;169;186;150;98;140;104;186;116;158;195;123;145;169;136;135;136;188;145;74;80;153;8;
grader:
2;2;5;7;7;8;9;9;10;11;12;13;13;14;14;15;17;17;18;21;21;22;22;24;24;24;25;26;26;27;27;29;29;29;30;32;32;34;36;36;39;39;41;41;41;43;43;45;45;48;50;52;53;54;55;58;59;61;64;66;67;68;69;70;72;72;73;73;73;74;79;79;80;80;83;83;86;86;90;91;92;93;95;95;95;96;96;97;98;98;99;99;99;99;100;102;102;102;104;104;104;105;106;106;106;107;109;110;110;113;113;114;116;116;117;118;120;123;124;124;124;125;127;128;130;131;131;131;134;134;135;135;136;136;136;137;137;138;138;139;139;140;143;143;145;145;145;145;146;146;148;150;150;151;153;153;154;158;158;158;159;160;161;161;163;164;166;166;167;167;168;168;169;169;169;170;171;173;176;178;178;180;180;182;186;186;188;189;191;191;191;194;195;195;195;196;196;197;198;200;
==================
test 4:
student:
2;2;2;3;3;4;6;6;7;7;7;7;9;11;11;12;12;13;14;16;18;18;18;18;20;21;61;77;100;158;166;184;243;23;23;25;27;125;241;29;31;31;34;35;35;37;92;195;108;40;154;209;195;169;40;40;41;197;67;43;43;50;52;104;154;228;159;229;223;86;146;167;98;238;45;45;46;48;198;49;49;49;51;52;54;106;196;144;173;54;57;58;58;59;67;217;88;189;145;61;148;122;79;138;109;178;148;91;155;110;232;246;176;136;143;150;152;219;163;184;61;95;64;64;219;114;83;96;213;193;116;99;103;65;72;196;213;172;66;69;82;239;70;86;116;124;180;127;170;72;74;76;78;205;224;156;176;80;82;82;86;91;95;117;124;155;160;202;87;227;145;114;239;95;150;91;95;239;95;136;95;106;109;126;136;247;221;130;171;145;219;236;166;218;113;223;116;180;153;245;117;119;147;193;123;242;124;170;148;248;124;125;211;163;212;126;128;129;136;133;141;246;136;190;232;134;158;230;230;174;159;218;235;189;236;170;177;194;181;206;229;246;210;214;191;210;181;250;250;58;
grader:
2;2;2;3;3;4;6;6;7;7;7;7;9;11;11;12;12;13;14;16;18;18;18;18;20;21;23;23;25;27;29;31;31;34;35;35;37;40;40;40;41;43;43;45;45;46;48;49;49;49;50;51;52;52;54;54;57;58;58;58;59;61;61;61;64;64;65;66;67;67;69;70;72;72;74;76;77;78;79;80;82;82;82;83;86;86;86;87;88;91;91;91;92;95;95;95;95;95;95;96;98;99;100;103;104;106;106;108;109;109;110;113;114;114;116;116;116;117;117;119;122;123;124;124;124;124;125;125;126;126;127;128;129;130;133;134;136;136;136;136;136;138;141;143;144;145;145;145;146;147;148;148;148;150;150;152;153;154;154;155;155;156;158;158;159;159;160;163;163;166;166;167;169;170;170;170;171;172;173;174;176;176;177;178;180;180;181;181;184;184;189;189;190;191;193;193;194;195;195;196;196;197;198;202;205;206;209;210;210;211;212;213;213;214;217;218;218;219;219;219;221;223;223;224;227;228;229;229;230;230;232;232;235;236;236;238;239;239;239;241;242;243;245;246;246;246;247;248;250;250;
==================
test 5:
student:
2;2;4;4;6;7;8;10;10;12;14;16;16;16;16;17;17;18;22;22;23;41;230;24;24;24;25;27;27;31;209;34;34;35;36;80;50;280;37;37;273;194;39;39;246;129;39;40;45;45;54;46;48;48;49;52;130;68;229;68;83;95;225;102;96;105;109;106;113;110;182;236;126;166;215;264;134;270;299;111;128;186;170;241;131;178;199;254;213;289;204;279;159;253;50;51;51;52;53;55;56;57;129;138;159;278;58;61;62;63;64;68;76;136;69;72;200;83;267;92;158;295;298;102;102;107;131;113;163;143;266;145;202;158;161;196;172;232;238;291;295;258;66;69;291;141;80;69;107;273;299;196;220;77;95;290;261;206;127;124;207;114;171;139;121;132;167;246;291;79;295;164;139;245;191;81;160;224;148;86;218;273;86;92;286;197;114;224;221;135;143;236;145;226;209;296;167;280;253;169;296;219;297;193;250;98;234;270;98;154;248;126;111;213;104;236;88;96;195;261;99;109;277;268;140;275;232;157;112;173;190;194;226;236;205;210;270;278;295;298;245;256;269;100;203;177;209;250;232;145;105;109;198;106;250;118;132;232;215;120;176;210;181;230;224;155;161;238;156;185;226;201;143;165;298;205;297;117;151;123;213;155;298;149;282;166;243;279;300;145;230;154;284;174;208;193;273;174;277;8;
grader:
2;2;4;4;6;7;8;8;10;10;12;14;16;16;16;16;17;17;18;22;22;23;24;24;24;25;27;27;31;34;34;35;36;37;37;39;39;39;40;41;45;45;46;48;48;49;50;50;51;51;52;52;53;54;55;56;57;58;61;62;63;64;66;68;68;68;69;69;69;72;76;77;79;80;80;81;83;83;86;86;88;92;92;95;95;96;96;98;98;99;100;102;102;102;104;105;105;106;106;107;107;109;109;109;110;111;111;112;113;113;114;114;117;118;120;121;123;124;126;126;127;128;129;129;130;131;131;132;132;134;135;136;138;139;139;140;141;143;143;143;145;145;145;145;148;149;151;154;154;155;155;156;157;158;158;159;159;160;161;161;163;164;165;166;166;167;167;169;170;171;172;173;174;174;176;177;178;181;182;185;186;190;191;193;193;194;194;195;196;196;197;198;199;200;201;202;203;204;205;205;206;207;208;209;209;209;210;210;213;213;213;215;215;218;219;220;221;224;224;224;225;226;226;226;229;230;230;230;232;232;232;232;234;236;236;236;236;238;238;241;243;245;245;246;246;248;250;250;250;253;253;254;256;258;261;261;264;266;267;268;269;270;270;270;273;273;273;273;275;277;277;278;278;279;279;280;280;282;284;286;289;290;291;291;291;295;295;295;295;296;296;297;297;298;298;298;298;299;299;300;
